<TICKER>,<PER>,<DATE>,<TIME>,<OPEN>,<HIGH>,<LOW>,<CLOSE>,<VOL>,<OPENINT>
06N,D,20250821,000000,2.44,2.44,2.44,2.44,50,0
11B,D,20250821,000000,185,185.2,184.3,184.7,260,0
1AT,D,20250821,000000,60.8,61.1,59,59,134,0
3RG,D,20250821,000000,0.828,0.828,0.806,0.806,23388,0
4MS,D,20250821,000000,4.99,5.04,4.95,5.04,2529,0
ABE,D,20250821,000000,93.3,93.8,93.3,93.7,119,0
ABS,D,20250821,000000,85,85,84.8,84.8,44,0
ACG,D,20250821,000000,25,25,25,25,142,0
ACP,D,20250821,000000,197.4,197.4,195.6,196.2,964,0
ACT,D,20250821,000000,26.6,26.65,26.6,26.65,42,0
ADV,D,20250821,000000,0.822,0.844,0.822,0.844,14430,0
AGO,D,20250821,000000,9.3,9.44,9.3,9.44,976,0
AGT,D,20250821,000000,6.78,6.78,6.78,6.78,133,0
ALE,D,20250821,000000,37.9,38.145,37.865,38.02,62359,0
ALG,D,20250821,000000,0.99,0.99,0.99,0.99,500,0
ALI,D,20250821,000000,1.855,1.86,1.85,1.86,18,0
ALL,D,20250821,000000,18.96,18.96,18.68,18.68,415,0
ALR,D,20250821,000000,117,117.1,116.05,116.1,7475,0
AMB,D,20250821,000000,20,20.15,20,20,1583,0
AMC,D,20250821,000000,57.8,57.8,57.8,57.8,9,0
ANR,D,20250821,000000,29,29,29,29,324,0
APE,D,20250821,000000,3.04,3.04,3.04,3.04,5,0
APN,D,20250821,000000,18.75,18.75,18.75,18.75,2,0
APR,D,20250821,000000,20.85,20.85,20.6,20.6,3193,0
APT,D,20250821,000000,21.5,21.5,21.4,21.4,721,0
ARH,D,20250821,000000,48.9,48.9,47.5,47.5,105,0
ARL,D,20250821,000000,44.7,44.8,44.67,44.7,2115,0
ART,D,20250821,000000,14.88,14.88,14.52,14.52,39,0
ASB,D,20250821,000000,28.64,28.7,28.1,28.1,17433,0
ASE,D,20250821,000000,71.9,72,71.9,72,130,0
AST,D,20250821,000000,51,51.2,50.1,50.1,1963,0
ATC,D,20250821,000000,9.6,9.62,9.55,9.62,960,0
ATD,D,20250821,000000,3.49,3.49,3.49,3.49,1340,0
ATG,D,20250821,000000,3.84,3.84,3.84,3.84,388,0
ATR,D,20250821,000000,42.7,44.2,42.7,42.8,5637,0
ATT,D,20250821,000000,19.13,19.13,19,19,4976,0
AWM,D,20250821,000000,0.4145,0.4145,0.4015,0.402,71168,0
BCM,D,20250821,000000,5.25,5.25,5.25,5.25,5,0
BCS,D,20250821,000000,13.3,13.38,13.2,13.38,503,0
BCX,D,20250821,000000,104.8,104.8,104.2,104.2,56,0
BDX,D,20250821,000000,585.2,589,578.8,580.6,2318,0
BFT,D,20250821,000000,3390,3395,3360,3360,55,0
BHW,D,20250821,000000,109,111.2,109,111,8834,0
BIO,D,20250821,000000,4.1,4.1,4.1,4.1,1853,0
BLO,D,20250821,000000,29.4,29.45,29.05,29.05,105,0
BMC,D,20250821,000000,13.96,13.96,13.66,13.72,6979,0
BMX,D,20250821,000000,13.55,13.55,13.55,13.55,12,0
BNP,D,20250821,000000,114.5,116,114,114,172,0
BOS,D,20250821,000000,12.56,12.56,12.42,12.42,2623,0
BOW,D,20250821,000000,4.45,4.45,4.45,4.45,89,0
BRS,D,20250821,000000,6,6,6,6,830,0
CAR,D,20250821,000000,595,595,593,593,5,0
CBF,D,20250821,000000,174.6,174.6,172.6,173.4,362,0
CCC,D,20250821,000000,173.2,173.8,169.9,170.5,40721,0
CDL,D,20250821,000000,9.95,9.95,9.95,9.95,1,0
CDR,D,20250821,000000,253,253.8,252.2,253.4,5260,0
CIG,D,20250821,000000,2.83,2.85,2.75,2.78,592534,0
CLC,D,20250821,000000,6.87,6.95,6.87,6.95,1853,0
CLD,D,20250821,000000,45.7,45.7,45.7,45.7,1,0
CLE,D,20250821,000000,3.09,3.09,2.92,2.97,64005,0
CLN,D,20250821,000000,23.05,23.2,23.05,23.2,630,0
CMP,D,20250821,000000,252,253,252,253,14,0
COG,D,20250821,000000,6.795,6.8,6.71,6.71,15168,0
CPD,D,20250821,000000,6.3,6.3,6.3,6.3,1673,0
CPL,D,20250821,000000,4.8,4.8,4.8,4.8,200,0
CPR,D,20250821,000000,0.772,0.772,0.772,0.772,3305,0
CPS,D,20250821,000000,14.99,14.99,14.64,14.87,72860,0
CRI,D,20250821,000000,285.5,285.5,284,284,64,0
CRJ,D,20250821,000000,458,466,458,466,35,0
CRM,D,20250821,000000,0.5,0.524,0.5,0.524,43299,0
CSR,D,20250821,000000,3.94,3.94,3.94,3.94,300,0
CTX,D,20250821,000000,41.2,41.2,40.6,40.6,14,0
DAD,D,20250821,000000,53.4,53.4,52.6,53.2,2291,0
DAT,D,20250821,000000,98.68,98.7,97.8,98.3,183,0
DBC,D,20250821,000000,83.4,83.6,83,83.1,185,0
DBE,D,20250821,000000,11.75,11.75,11.7,11.7,284,0
DCR,D,20250821,000000,73,74,72.6,73.8,111,0
DEK,D,20250821,000000,76,76,75,75,103,0
DEL,D,20250821,000000,6.62,6.68,6.62,6.68,266,0
DIA,D,20250821,000000,204,207,204,207,1348,0
DIG,D,20250821,000000,96.7,98.2,96.5,98.2,659,0
DMG,D,20250821,000000,3.74,3.74,3.74,3.74,2,0
DNP,D,20250821,000000,49.88,50.12,49.71,49.91,102934,0
DOM,D,20250821,000000,254,254.5,251.5,254,32,0
DVL,D,20250821,000000,8.24,8.24,8.12,8.22,736,0
EAH,D,20250821,000000,37.9,38,37.9,37.9,753,0
EAT,D,20250821,000000,14.94,14.94,14.64,14.7,2661,0
ECB,D,20250821,000000,30,30.4,30,30.4,272,0
ECH,D,20250821,000000,5.56,5.62,5.52,5.62,4187,0
EDI,D,20250821,000000,6.6,6.6,6.32,6.58,88,0
EKP,D,20250821,000000,2.46,2.46,2.46,2.46,46,0
ELT,D,20250821,000000,54.8,54.9,53.7,54,1309,0
ENA,D,20250821,000000,18.88,18.9,18.63,18.76,21567,0
ENE,D,20250821,000000,18.8,18.8,18.8,18.8,2,0
ENG,D,20250821,000000,13.76,13.84,13.74,13.82,7071,0
ENT,D,20250821,000000,53.7,53.7,53,53.7,560,0
EQU,D,20250821,000000,0.97,0.97,0.97,0.97,300,0
ERB,D,20250821,000000,33.9,33.9,33.9,33.9,50,0
ETL,D,20250821,000000,23.4,23.4,23.4,23.4,147,0
EUC,D,20250821,000000,3.35,3.58,3.23,3.52,65286,0
EUR,D,20250821,000000,8.24,8.24,8.22,8.235,2606,0
FAB,D,20250821,000000,26.8,26.8,26.8,26.8,1,0
FEE,D,20250821,000000,13.6,13.6,13.6,13.6,2,0
FMG,D,20250821,000000,103,103.5,103,103.5,45,0
FRO,D,20250821,000000,36.5,36.5,36.2,36.2,958,0
FTE,D,20250821,000000,28.4,28.9,28.4,28.8,889,0
GEA,D,20250821,000000,2.59,2.595,2.59,2.595,3855,0
GIF,D,20250821,000000,6.14,6.14,6.14,6.14,666,0
GKI,D,20250821,000000,3.2,3.2,3.13,3.13,53,0
GMT,D,20250821,000000,6.29,6.29,6.29,6.29,2,0
GOB,D,20250821,000000,23.3,23.3,23.3,23.3,25,0
GOP,D,20250821,000000,15.28,15.28,15.02,15.02,171,0
GPP,D,20250821,000000,72,72,71.9,72,3606,0
GPW,D,20250821,000000,58,59.5,58,58.5,13834,0
GRN,D,20250821,000000,11.8,11.9,11.8,11.85,352,0
GRX,D,20250821,000000,1.805,1.808,1.783,1.791,31076,0
GTN,D,20250821,000000,0.522,0.522,0.516,0.517,28152,0
HDR,D,20250821,000000,19.5,19.5,19.5,19.5,36,0
HEL,D,20250821,000000,28.4,28.4,28.4,28.4,2,0
HRP,D,20250821,000000,6.5,6.5,6.5,6.5,2,0
HRS,D,20250821,000000,1.275,1.275,1.275,1.275,10,0
HUG,D,20250821,000000,20.6,20.6,20.5,20.55,3077,0
IBS,D,20250821,000000,63.8,63.8,63.8,63.8,57,0
ICE,D,20250821,000000,10,10.1,10,10.06,1419,0
IDM,D,20250821,000000,0.6,0.6,0.6,0.6,900,0
IFI,D,20250821,000000,28,28,27.9,28,230,0
IMC,D,20250821,000000,28.6,28.6,27.6,27.7,482,0
IMS,D,20250821,000000,3.42,3.46,3.42,3.46,281,0
INC,D,20250821,000000,1.915,1.915,1.915,1.915,5,0
ING,D,20250821,000000,346,346,342,342,322,0
INK,D,20250821,000000,41.7,41.7,41.3,41.6,681,0
INL,D,20250821,000000,7.72,7.72,7.72,7.72,5,0
INP,D,20250821,000000,7.1,7.1,7.1,7.1,2,0
IPO,D,20250821,000000,0.53,0.53,0.52,0.53,1942,0
IZO,D,20250821,000000,3.79,3.79,3.79,3.79,2,0
IZS,D,20250821,000000,2.87,2.9,2.86,2.9,35424,0
JRH,D,20250821,000000,4.7,4.7,4.7,4.7,211,0
JSW,D,20250821,000000,23,23.18,22.86,23,9648,0
JWW,D,20250821,000000,3.2,3.22,3.2,3.22,1210,0
KER,D,20250821,000000,22.4,22.4,21.2,21.45,5091,0
KGH,D,20250821,000000,131.5,132.1,129.75,129.9,60558,0
KGL,D,20250821,000000,13.8,13.8,13.8,13.8,1,0
KGN,D,20250821,000000,57.8,57.8,57.8,57.8,3,0
KPL,D,20250821,000000,17.8,17.8,17.5,17.5,2203,0
KRK,D,20250821,000000,850,850,850,850,4,0
KRU,D,20250821,000000,421,421,416,416.8,382,0
KSG,D,20250821,000000,4.25,4.27,4.12,4.13,9772,0
KTY,D,20250821,000000,902,906,898,899.5,595,0
LBT,D,20250821,000000,1.55,1.6,1.55,1.6,9002,0
LBW,D,20250821,000000,8.605,8.78,8.605,8.73,11157,0
LEN,D,20250821,000000,2.83,2.83,2.83,2.83,360,0
LES,D,20250821,000000,0.249,0.254,0.249,0.254,10002,0
LKD,D,20250821,000000,22.5,22.5,22.5,22.5,21,0
LPP,D,20250821,000000,16785,16895,16700,16735,107,0
LRQ,D,20250821,000000,1.71,1.71,1.71,1.71,2,0
LSI,D,20250821,000000,32,32,31,32,355,0
LWB,D,20250821,000000,23.1,23.3,23.1,23.3,680,0
MAB,D,20250821,000000,9.52,9.52,9.5,9.5,749,0
MBK,D,20250821,000000,980,983.4,970,978.6,5917,0
MBR,D,20250821,000000,294,294,289,290,592,0
MCI,D,20250821,000000,29.6,29.6,29.1,29.4,269,0
MCR,D,20250821,000000,25.3,25.3,25.3,25.3,2,0
MDG,D,20250821,000000,36.9,36.9,36.8,36.9,475,0
MDI,D,20250821,000000,1.075,1.075,1.075,1.075,2,0
MEX,D,20250821,000000,3.6,3.6,3.6,3.6,2,0
MFO,D,20250821,000000,36.3,36.4,35.4,36.4,1055,0
MGT,D,20250821,000000,68,68,68,68,1,0
MIL,D,20250821,000000,15.68,15.78,15.63,15.64,21178,0
MLG,D,20250821,000000,80,80,80,80,3,0
MLK,D,20250821,000000,2.25,2.25,2.2,2.23,11955,0
MLS,D,20250821,000000,15.26,15.26,15.1,15.1,87,0
MNC,D,20250821,000000,32.3,32.3,32.1,32.1,35,0
MOC,D,20250821,000000,7.85,8,7.85,7.95,2998,0
MOL,D,20250821,000000,32.2,32.2,32.2,32.2,1000,0
MOV,D,20250821,000000,13.44,13.44,13.42,13.42,6,0
MRB,D,20250821,000000,15.08,15.14,15.05,15.05,1871,0
MRC,D,20250821,000000,45.2,45.5,44.85,45,472,0
MSP,D,20250821,000000,14.75,14.75,14.75,14.75,2,0
MSW,D,20250821,000000,7.34,7.34,7.34,7.34,2,0
MSZ,D,20250821,000000,6.36,6.36,6.32,6.36,386,0
MUR,D,20250821,000000,39.5,39.5,39.35,39.35,593,0
MVP,D,20250821,000000,8.2,8.2,8.18,8.2,2840,0
MXC,D,20250821,000000,6.08,6.08,6.08,6.08,2,0
NCL,D,20250821,000000,101,101.5,100,101.5,166,0
NEU,D,20250821,000000,660,660,657,658,34,0
NNG,D,20250821,000000,2.71,2.71,2.71,2.71,544,0
NTC,D,20250821,000000,0.608,0.62,0.594,0.596,14345,0
NTT,D,20250821,000000,10.8,10.8,10.7,10.7,7,0
NVG,D,20250821,000000,1.286,1.288,1.286,1.288,144,0
NWG,D,20250821,000000,79.8,81.8,79.6,81.6,86,0
NXG,D,20250821,000000,2.18,2.18,2.18,2.18,10,0
OND,D,20250821,000000,10,10,10,10,579,0
ONO,D,20250821,000000,0.9,0.9,0.9,0.9,587,0
OPL,D,20250821,000000,9.39,9.41,9.312,9.408,28948,0
OPN,D,20250821,000000,90.4,91.8,90.4,90.4,42,0
OTM,D,20250821,000000,5.48,5.48,5.48,5.48,2,0
OTS,D,20250821,000000,14.1,14.1,14.1,14.1,54,0
PAS,D,20250821,000000,68.6,68.6,68,68.6,220,0
PAT,D,20250821,000000,3.5,3.5,3.5,3.5,15,0
PCF,D,20250821,000000,5.08,5.08,5.01,5.08,4903,0
PCO,D,20250821,000000,21.86,21.96,21.84,21.85,105061,0
PCR,D,20250821,000000,71,71,69.8,69.8,3556,0
PCX,D,20250821,000000,2.69,2.69,2.67,2.68,7559,0
PEO,D,20250821,000000,214.4,214.9,213,213.3,10371,0
PEP,D,20250821,000000,59,59,58.8,58.8,964,0
PGE,D,20250821,000000,11.295,11.3,11.16,11.225,45300,0
PGM,D,20250821,000000,2.02,2.02,2.02,2.02,2,0
PGV,D,20250821,000000,0.53,0.53,0.53,0.53,2,0
PHN,D,20250821,000000,9.8,9.92,9.8,9.92,7292,0
PHR,D,20250821,000000,3.54,3.54,3.54,3.54,200,0
PJP,D,20250821,000000,16.2,16.2,16.2,16.2,2,0
PKN,D,20250821,000000,80.2,80.77,79.12,79.52,191368,0
PKO,D,20250821,000000,82.62,82.98,82.24,82.5,44514,0
PKP,D,20250821,000000,16.25,16.4,16.25,16.3,812,0
PLW,D,20250821,000000,273,273,270.5,271.5,118,0
PMP,D,20250821,000000,2.6,2.61,2.6,2.61,25,0
PPS,D,20250821,000000,0.91,0.91,0.91,0.91,2,0
PRI,D,20250821,000000,3.36,3.36,3.36,3.36,10,0
PRM,D,20250821,000000,22.3,22.3,22.3,22.3,3,0
PRT,D,20250821,000000,1.395,1.425,1.37,1.4,48891,0
PTG,D,20250821,000000,30.6,30.6,30.6,30.6,2692,0
PTW,D,20250821,000000,135,135,135,135,56,0
PUR,D,20250821,000000,6.8,6.89,6.7,6.72,2142,0
PWX,D,20250821,000000,1.5,1.5,1.5,1.5,1,0
PXM,D,20250821,000000,4.5,4.57,4.47,4.47,40861,0
PZU,D,20250821,000000,65.06,65.26,64.66,64.96,42955,0
QRS,D,20250821,000000,11.85,12.05,11.85,12,5255,0
RAE,D,20250821,000000,0.469,0.469,0.443,0.443,1225,0
RAF,D,20250821,000000,60,60,60,60,20,0
RBW,D,20250821,000000,145,147.7,145,147.1,4283,0
RLP,D,20250821,000000,4.95,4.95,4.92,4.92,452,0
RMK,D,20250821,000000,12.15,12.5,12.15,12.15,1164,0
RNC,D,20250821,000000,0.98,0.98,0.9,0.9,1113,0
RND,D,20250821,000000,71.4,71.4,71.4,71.4,105,0
RPC,D,20250821,000000,26.7,26.7,26.7,26.7,6,0
RVU,D,20250821,000000,29.85,29.9,29.75,29.85,251,0
RWL,D,20250821,000000,16.5,16.5,16.5,16.5,2,0
SAN,D,20250821,000000,35.2,35.2,35.2,35.2,11,0
SCP,D,20250821,000000,154,154,154,154,1,0
SEK,D,20250821,000000,8.48,8.58,8.48,8.58,310,0
SEL,D,20250821,000000,34.2,34.2,34.2,34.2,25,0
SFS,D,20250821,000000,0.469,0.469,0.469,0.469,20,0
SGN,D,20250821,000000,108,108,106,106.5,127,0
SHO,D,20250821,000000,49.7,49.7,49.4,49.7,169,0
SKA,D,20250821,000000,82.4,82.4,82.4,82.4,2,0
SLV,D,20250821,000000,33.1,33.1,32.6,32.6,1169,0
SNK,D,20250821,000000,23.9,23.9,23.9,23.9,289,0
SNT,D,20250821,000000,219,221.4,218.2,221.2,3112,0
SNX,D,20250821,000000,6.92,6.92,6.92,6.92,144,0
SON,D,20250821,000000,17.4,17.4,17.4,17.4,57,0
SPL,D,20250821,000000,552.4,552.4,544.6,548.2,639,0
SPR,D,20250821,000000,584,584,584,584,1,0
STF,D,20250821,000000,8.08,8.14,8.08,8.14,156,0
STP,D,20250821,000000,252,252,252,252,7,0
STX,D,20250821,000000,2.945,2.945,2.94,2.94,8957,0
SVE,D,20250821,000000,4.905,4.93,4.905,4.93,318,0
SVRS,D,20250821,000000,6.8,6.8,6.8,6.8,1,0
TAR,D,20250821,000000,121.5,123,120,123,15,0
TEN,D,20250821,000000,79.9,80,79.9,80,518,0
THG,D,20250821,000000,6.24,6.24,6.24,6.24,96,0
TLX,D,20250821,000000,21.2,21.2,21.2,21.2,10,0
TOA,D,20250821,000000,10.12,10.26,10.12,10.22,2324,0
TOR,D,20250821,000000,42.35,42.5,42.35,42.35,362,0
TPE,D,20250821,000000,8.594,8.66,8.5,8.598,155140,0
TRK,D,20250821,000000,2.22,2.235,2.22,2.235,147,0
TRN,D,20250821,000000,4.03,4.03,4.03,4.03,2,0
TSG,D,20250821,000000,2.43,2.43,2.43,2.43,2,0
TXT,D,20250821,000000,55.6,55.7,55.4,55.6,2628,0
ULM,D,20250821,000000,62,62,62,62,2,0
UNF,D,20250821,000000,1.07,1.07,1.07,1.07,10,0
UNT,D,20250821,000000,143,143,142,143,148,0
VIN,D,20250821,000000,12.5,12.5,12.5,12.5,1,0
VOT,D,20250821,000000,44.1,44.2,43.6,43.6,466,0
VOX,D,20250821,000000,173.4,174.6,173.4,174.4,119,0
VRC,D,20250821,000000,120.6,121,120.6,121,82,0
VRG,D,20250821,000000,4.38,4.38,4.38,4.38,395,0
VVD,D,20250821,000000,0.66,0.76,0.65,0.748,687260,0
WIK,D,20250821,000000,7.2,7.2,7.2,7.2,280,0
WLT,D,20250821,000000,6.72,6.72,6.72,6.72,2076,0
WPL,D,20250821,000000,74.3,74.3,73.3,73.9,132,0
WPR,D,20250821,000000,3.46,3.46,3.46,3.46,5,0
WTN,D,20250821,000000,17.08,17.12,17,17.06,1104,0
WXF,D,20250821,000000,2.55,2.57,2.55,2.57,1585,0
XPL,D,20250821,000000,3.43,3.52,3.36,3.49,1215,0
XTB,D,20250821,000000,76.46,76.78,76.42,76.74,3991,0
XTP,D,20250821,000000,86,87.7,86,87.4,205,0
YAN,D,20250821,000000,133,133,133,133,1,0
ZAB,D,20250821,000000,21.6,21.76,21.55,21.67,52818,0
ZEP,D,20250821,000000,23.2,23.2,23.1,23.1,481,0
ZMT,D,20250821,000000,0.81,0.81,0.81,0.81,50,0
ZUE,D,20250821,000000,10.15,10.2,10,10,836,0
